# Created by Octave 4.2.2, Mon Oct 12 12:41:06 2020 CEST <scadars@login02>
# name: POP_STRUC
# type: scalar struct
# ndims: 2
 1 1
# length: 13
# name: POPULATION
# type: struct
# ndims: 2
 1 20
# length: 30
# name: COORDINATES
# type: cell
# rows: 1
# columns: 20
# name: <cell-element>
# type: matrix
# rows: 8
# columns: 3
 0.2783969999999982 0.3948060000000027 0.1799230000000023
 0.8176130000000016 0.2049769999999994 0.7703580000000014
 0.5899590000000005 0.7204490000000023 0.298172000000001
 0.7358040000000017 0.604039 0.6756689999999991
 0.1598570000000026 0.7765080000000001 0.2794430000000006
 0.4039240000000035 0.2845099999999974 0.7883020000000014
 0.877049999999997 0.8693090000000013 0.9926699999999966
 0.1218489999999974 0.1297569999999979 0.489522000000001



# name: <cell-element>
# type: matrix
# rows: 8
# columns: 3
 0.9926269999999988 0.948287999999998 0.7109629999999996
 0.01011900000000308 0.9466790000000034 0.2196110000000004
 0.5213999999999999 0.4473989999999973 0.9734690000000016
 0.4880759999999995 0.4463599999999985 0.4756819999999991
 0.503897000000002 0.947668 0.7300880000000022
 0.5040759999999977 0.947746000000002 0.2235420000000019
 0.9768869999999977 0.4478200000000001 0.4608419999999994
 0.03040500000000185 0.4473770000000025 0.9762580000000011



# name: <cell-element>
# type: matrix
# rows: 8
# columns: 3
 0.819699 0.2048210000000026 0.7033970000000026
 0.6285250000000033 0.824255000000001 0.7180189999999982
 0.8115809999999969 0.617711 0.7072580000000028
 0.1826259999999991 0.8021109999999965 0.6578009999999992
 0.3737870000000001 0.1826750000000033 0.643054999999997
 0.190719999999999 0.3892150000000004 0.6537399999999991
 0.344101000000002 0.6723599999999976 0.1799800000000006
 0.6582360000000024 0.3345490000000026 0.1810749999999999



# name: <cell-element>
# type: matrix
# rows: 8
# columns: 3
 0.9817150000000012 0.9897309999999989 0.2476529999999996
 0.0216619999999992 0.005774999999999903 0.7476600000000032
 0.0192720000000008 0.4663350000000007 0.2477540000000005
 0.5399310000000028 0.5302440000000033 0.2468330000000024
 0.4609790000000017 0.01570699999999906 0.2470149999999974
 0.9840250000000026 0.5320099999999998 0.7477549999999979
 0.4577850000000013 0.4719210000000017 0.7468360000000018
 0.5479600000000033 0.9927530000000004 0.7470190000000017



# name: <cell-element>
# type: matrix
# rows: 8
# columns: 3
 0.6067549999999999 0.885229000000002 0.8858719999999993
 0.8828910000000008 0.3604860000000016 0.3705110000000005
 0.1252380000000033 0.2209130000000027 0.8737029999999991
 0.3669760000000013 0.03110699999999857 0.3805899999999982
 0.6088400000000007 0.3879939999999987 0.8806610000000035
 0.3658939999999975 0.5329309999999978 0.3791810000000029
 0.8799690000000027 0.8626620000000003 0.3713989999999968
 0.1231390000000019 0.7194470000000022 0.8763170000000002



# name: <cell-element>
# type: matrix
# rows: 8
# columns: 3
 0.6168279999999983 0.7554459999999992 0.09559900000000007
 0.4108400000000003 0.254437000000003 0.8919209999999963
 0.6771949999999975 0.6537879999999987 0.6973479999999981
 0.1253110000000035 0.4463849999999994 0.2236019999999996
 0.9134069999999995 0.01630800000000222 0.0506450000000029
 0.8349460000000021 0.9995490000000018 0.4905639999999991
 0.3172210000000035 0.6684729999999988 0.4323949999999997
 0.04671600000000351 0.2386430000000032 0.6473609999999966



# name: <cell-element>
# type: matrix
# rows: 8
# columns: 3
 0.9807070000000025 0.0041020000000032 0.006455999999999997
 0.4776680000000013 0.002071000000000807 0.5065990000000014
 0.3695499999999968 0.4994629999999987 0.1244099999999974
 0.1176099999999991 0.4981039999999979 0.374572999999998
 0.6184399999999998 0.4998879999999988 0.874319
 0.865741 0.4991520000000025 0.6242510000000008
 0.7327629999999985 8.600000000310283e-05 0.2568660000000023
 0.2317620000000034 0.001480000000000792 0.7566780000000008



# name: <cell-element>
# type: matrix
# rows: 8
# columns: 3
 0.257750999999999 0.0017020000000016 0.0042350000000013
 0.7609560000000001 0.002249999999996506 0.9976500000000005
 0.496901000000001 0.002656000000001801 0.4982749999999997
 0.9937669999999985 0.9989899999999993 0.5005570000000006
 0.00761200000000159 0.5032920000000016 0.002218999999996591
 0.5040559999999985 0.4982249999999979 0.0054480000000012
 0.7408440000000025 0.498539000000001 0.5043319999999981
 0.2460680000000012 0.5065659999999996 0.5007429999999999



# name: <cell-element>
# type: matrix
# rows: 8
# columns: 3
 0.5001389999999972 0.2547100000000028 0.001170000000001899
 0.5033170000000027 0.754755000000003 0.4968420000000009
 0.5001940000000005 0.2547679999999986 0.5014460000000014
 0.5031159999999986 0.754725999999998 0.9970560000000008
 0.003315000000000604 0.7539659999999984 0.2513209999999972
 9.000000000009649e-05 0.2539719999999974 0.2486829999999997
 0.0001630000000005904 0.2535189999999971 0.7486079999999971
 0.003301999999997912 0.7535280000000029 0.7514790000000036



# name: <cell-element>
# type: matrix
# rows: 8
# columns: 3
 0.5503 0.9131539999999988 0.2534399999999977
 0.3036699999999968 0.9247530000000027 0.7481039999999979
 0.3039569999999969 0.4245739999999998 0.7487040000000036
 0.051048999999999 0.9288260000000008 0.2519929999999988
 0.8051740000000012 0.4315750000000025 0.7462009999999994
 0.05079299999999877 0.4279149999999988 0.2530629999999973
 0.8048989999999989 0.9316730000000039 0.745533000000002
 0.549866999999999 0.4130200000000031 0.2550439999999983



# name: <cell-element>
# type: matrix
# rows: 8
# columns: 3
 0.8059489999999983 0.4729150000000004 0.7381269999999986
 0.03531900000000119 0.5095809999999972 0.2515670000000014
 0.2874309999999981 0.5059230000000027 0.7383760000000024
 0.5303049999999986 0.5107980000000011 0.2557759999999972
 0.9043190000000007 0.0003609999999981518 0.9910229999999984
 0.9662259999999989 0.0174499999999966 0.4217629999999986
 0.4314049999999978 0.9818050000000015 0.5811369999999982
 0.4202020000000033 0.0005179999999995917 0.01170100000000219



# name: <cell-element>
# type: matrix
# rows: 8
# columns: 3
 0.002007999999996502 0.1845289999999977 0.1831529999999973
 0.9982860000000001 0.8243190000000025 0.1756290000000007
 0.007147000000003301 0.1860160000000022 0.8217569999999981
 0.002312000000003414 0.8257630000000021 0.8142569999999978
 0.5020400000000009 0.321407999999998 0.3206580000000017
 0.4984910000000013 0.6821780000000004 0.3157080000000008
 0.5069599999999994 0.3282329999999973 0.6816200000000024
 0.5022799999999989 0.6889320000000012 0.6767809999999983



# name: <cell-element>
# type: matrix
# rows: 8
# columns: 3
 0.00816700000000027 0.7568100000000016 0.7514910000000014
 0.5067060000000012 0.7575840000000014 0.7488710000000011
 0.9988480000000023 0.2502300000000019 0.2507689999999981
 0.5024450000000016 0.2537080000000032 0.2550639999999973
 0.7468479999999998 0.7503809999999971 0.2543179999999978
 0.259326999999999 0.259762000000002 0.7517059999999987
 0.2461079999999995 0.7508890000000008 0.2509269999999971
 0.7580079999999967 0.2579840000000004 0.7508550000000014



# name: <cell-element>
# type: matrix
# rows: 8
# columns: 3
 0.1624479999999977 0.731076999999999 0.9144080000000017
 0.8265209999999995 0.2889860000000013 0.8961060000000032
 0.1965860000000035 0.1364659999999986 0.04717999999999731
 0.7946880000000007 0.8811010000000012 0.7524319999999985
 0.7989719999999991 0.5751279999999995 0.3602899999999992
 0.1998949999999979 0.4326700000000018 0.455334999999998
 0.5389619999999979 0.1768509999999991 0.5127799999999993
 0.4544429999999977 0.8193049999999999 0.2831720000000005



