# Created by Octave 4.2.2, Mon Oct 12 11:19:34 2020 CEST <scadars@login02>
# name: POOL_STRUC
# type: matrix
# rows: 0
# columns: 0


